MAP1
OBJ1
TREE1
7,9,1
1,1,1
160,35,1
OBJ2
HOUSE2
3,7,1
1,1,1
178,306,1
OBJ2
HOUSE2
5,4,1
1,1,1
339,170,1
OBJ2
HOUSE2
0,4,1
1,1,1
76,172,1
OBJ3
CAR3
6,5,1
1,1,1
170,145,1
OBJ3
CAR3
6,7,1
1,1,1
234,345,1
OBJ3
CAR3
4,1,1
1,1,1
64,103,1
OBJ3
CAR3
0,9,1
1,1,1
176,321,1
MAP2
OBJ1
TREE1
6,1,1
1,1,1
25,272,1
OBJ1
TREE1
8,1,1
1,1,1
76,338,1
OBJ1
TREE1
4,4,1
1,1,1
43,357,1
OBJ1
TREE1
1,4,1
1,1,1
233,328,1
OBJ1
TREE1
7,1,1
1,1,1
276,155,1
OBJ3
CAR3
7,6,1
1,1,1
55,106,1
OBJ3
CAR3
0,1,1
1,1,1
32,45,1
OBJ3
CAR3
0,0,1
1,1,1
274,310,1
OBJ3
CAR3
0,2,1
1,1,1
261,301,1
OBJ3
CAR3
0,10,1
1,1,1
229,200,1
MAP3
OBJ1
TREE1
4,9,1
1,1,1
91,213,1
OBJ1
TREE1
1,3,1
1,1,1
5,17,1
OBJ1
TREE1
5,4,1
1,1,1
203,19,1
OBJ1
TREE1
10,6,1
1,1,1
127,115,1
OBJ1
TREE1
7,5,1
1,1,1
30,182,1
OBJ1
TREE1
0,6,1
1,1,1
259,253,1
OBJ1
TREE1
2,6,1
1,1,1
126,30,1
OBJ1
TREE1
6,10,1
1,1,1
316,83,1
OBJ1
TREE1
9,9,1
1,1,1
88,266,1
OBJ3
CAR3
8,10,1
1,1,1
191,235,1
OBJ3
CAR3
2,9,1
1,1,1
218,71,1
OBJ3
CAR3
7,5,1
1,1,1
74,55,1
OBJ3
CAR3
8,6,1
1,1,1
35,224,1
OBJ3
CAR3
2,4,1
1,1,1
297,303,1
OBJ3
CAR3
1,9,1
1,1,1
267,179,1
OBJ3
CAR3
5,9,1
1,1,1
220,74,1
OBJ3
CAR3
7,5,1
1,1,1
88,33,1
MAP4
OBJ2
HOUSE2
0,1,1
1,1,1
159,225,1
OBJ2
HOUSE2
3,9,1
1,1,1
70,200,1
OBJ2
HOUSE2
1,5,1
1,1,1
341,10,1
OBJ2
HOUSE2
4,0,1
1,1,1
217,296,1
OBJ2
HOUSE2
2,5,1
1,1,1
143,120,1
OBJ3
CAR3
0,10,1
1,1,1
88,54,1
